image: mirte_map.pgm
mode: trinary
resolution: 0.05000000074505806
origin: [-8.92455228945033, -11.87769851131194, 0.0]
negate: 0
occupied_thresh: 0.65
free_thresh: 0.25
