image: mirte_map.pgm
mode: trinary
resolution: 0.05000000074505806
origin: [-3.4950665386530817, -2.7002471375461896, 0.0]
negate: 0
occupied_thresh: 0.65
free_thresh: 0.25
