image: mirte_map.pgm
mode: trinary
resolution: 0.05000000074505806
origin: [-1.2048267022067367, -1.957056435866233, 0.0]
negate: 0
occupied_thresh: 0.65
free_thresh: 0.25
